56
6;20230421202136
7;20230421202443
8;20230421202457
9;20230421202512
10;20230421203457
11;20230421203857
12;20230421204026
13;20230421204239
14;20230421204647
15;20230421204730
16;20230421205027
17;20230421205543
18;20230421205640
19;20230421205957
20;20230421210024
21;20230421210146
22;20230421210254
23;20230421210356
24;20230421210534
25;20230421210558
26;20230511200257
27;20230511200313
28;20230511200532
29;20230511200730
30;20230511200947
31;20230511201025
32;20230511201312
33;20230511201337
34;20230511202216
35;20230511202345
36;20230511202713
37;20230511202853
38;20230523193220
39;20230523193237
40;20230523194958
41;20230523195013
42;20230523195406
43;20230523195756
44;20230523195954
45;20230523200747
46;20230523200839
47;20230523200922
48;20230523201314
49;20230523202500
50;20230523210857
51;20230523210921
52;20230523211016
53;20230523211212
54;20230523211306
55;20230523211401
56;20230523211501
